110 222
110 258
115 295
122 330
135 363
159 391
187 416
218 437
255 444
289 438
312 416
330 390
346 361
355 328
361 294
366 258
367 225
142 204
161 190
185 186
209 191
233 201
276 199
300 189
323 185
347 188
360 207
255 224
255 252
255 280
255 307
223 317
238 322
253 327
267 322
279 317
168 223
181 213
200 214
215 226
199 231
180 231
288 226
304 214
323 213
336 223
324 231
306 231
194 351
215 350
236 348
251 352
266 347
285 348
305 347
287 366
270 374
254 376
237 376
216 368
203 354
236 357
252 359
267 356
297 350
268 354
253 358
237 357
