294 492
299 551
311 610
322 669
341 725
375 771
418 811
465 846
518 854
572 844
624 811
668 768
702 719
719 661
726 599
732 537
734 476
327 472
352 444
390 434
428 441
467 455
538 449
577 433
616 426
656 435
683 462
504 486
504 523
505 559
505 598
467 620
487 627
508 633
530 626
550 618
382 491
406 482
430 482
451 493
428 497
404 497
566 489
587 479
610 479
633 487
612 493
589 493
432 692
461 686
487 682
512 686
537 681
565 682
600 685
568 704
540 715
514 719
488 718
462 710
445 696
487 695
512 697
537 693
588 689
538 694
513 698
488 696
