360 287
363 333
370 379
382 426
399 468
428 505
459 537
496 564
539 568
582 559
614 528
641 492
663 454
676 410
681 365
683 320
682 276
385 269
405 244
439 237
472 243
503 256
544 254
574 241
606 235
638 241
658 262
524 288
525 321
526 355
527 388
491 404
509 409
529 415
547 408
565 401
422 296
440 285
463 286
483 299
462 303
439 304
564 296
582 282
604 281
623 289
607 298
585 299
463 456
487 451
511 446
528 450
546 444
573 448
599 451
576 474
551 486
532 490
513 489
489 479
473 460
511 461
529 463
548 459
589 455
549 461
531 464
513 462
