152 84
152 95
153 106
155 118
157 129
163 139
171 147
180 154
192 156
205 155
215 149
223 140
229 130
232 119
234 108
235 97
236 87
161 79
166 72
174 70
182 71
189 74
201 75
209 73
217 72
225 74
229 81
195 83
195 90
195 98
195 106
186 109
190 111
195 113
200 111
204 109
170 85
174 82
180 82
184 85
179 87
174 87
205 86
210 83
216 83
220 86
216 87
211 87
174 119
181 119
188 118
194 119
200 118
207 119
215 120
208 129
200 133
194 134
188 133
181 128
176 121
188 121
194 122
200 121
212 121
200 127
194 128
188 127
