599 893
603 1010
617 1123
636 1239
670 1349
739 1444
825 1531
925 1598
1039 1615
1153 1594
1250 1521
1334 1435
1399 1337
1427 1225
1439 1110
1455 995
1461 880
661 833
711 774
792 756
870 768
950 798
1112 797
1194 769
1274 759
1353 779
1403 839
1029 881
1028 960
1027 1039
1027 1119
951 1160
987 1177
1029 1193
1070 1177
1109 1160
761 885
805 857
865 858
909 892
857 904
801 906
1150 893
1194 861
1253 859
1297 888
1256 909
1200 906
873 1309
935 1292
990 1279
1035 1293
1079 1281
1135 1295
1200 1308
1137 1357
1083 1382
1035 1388
985 1383
932 1355
903 1318
988 1317
1034 1324
1080 1318
1171 1316
1080 1318
1034 1325
988 1318
