97 213
99 267
104 321
110 375
126 428
154 474
191 514
235 547
289 555
346 545
401 512
453 474
494 427
516 374
526 317
530 260
533 204
132 181
152 153
186 139
224 139
260 151
329 152
364 138
403 138
440 152
466 177
292 193
291 229
290 265
288 303
248 323
268 331
291 337
315 329
339 321
180 200
202 188
226 187
248 202
224 204
201 204
352 201
375 187
398 186
421 199
399 203
375 203
203 386
233 373
266 369
293 374
321 368
356 371
394 382
359 418
322 434
293 437
264 434
231 419
214 387
266 380
294 383
321 380
384 384
321 413
293 416
264 412
