103 214
105 265
109 317
115 368
129 418
157 463
194 502
238 536
291 545
346 536
398 503
446 465
481 420
500 369
509 316
515 264
518 210
136 178
157 151
191 141
226 141
261 152
333 153
369 141
406 141
442 153
466 180
295 193
294 229
293 265
291 302
255 322
273 328
293 336
315 328
336 320
182 200
203 187
227 187
247 202
224 204
201 204
354 202
375 188
399 187
420 201
399 205
376 205
211 384
239 373
270 369
295 374
321 369
353 373
388 382
354 417
321 431
294 434
267 430
237 415
222 386
270 381
295 384
321 381
377 385
320 409
295 412
268 408
