102 205
103 257
110 310
118 363
132 414
162 458
201 497
245 530
299 538
352 529
399 497
440 457
473 412
489 361
497 308
503 255
505 203
135 179
157 149
194 138
230 143
265 156
332 156
369 143
406 138
442 149
465 178
298 192
298 229
297 267
297 305
256 323
276 331
296 339
319 331
339 323
180 200
201 187
227 187
247 203
224 207
199 207
353 203
374 188
400 188
421 202
400 208
376 207
215 383
244 377
274 373
298 378
322 373
352 376
386 382
354 412
324 426
298 429
272 426
243 411
229 387
273 387
298 389
322 387
373 386
323 401
298 405
273 401
