88 290
90 345
96 398
104 452
118 504
144 550
178 588
217 617
263 625
309 617
349 589
384 553
412 510
429 460
440 407
451 355
457 300
114 266
136 235
174 226
212 230
247 247
300 246
337 231
377 229
414 241
436 271
271 281
270 324
270 367
269 409
234 429
251 436
271 442
290 436
308 428
152 288
173 271
201 270
226 289
201 295
173 297
320 289
346 270
373 271
393 288
373 296
346 294
196 480
225 476
252 471
272 477
292 472
317 476
344 480
316 502
292 514
269 516
248 514
223 504
208 483
250 488
271 490
293 488
332 483
291 488
270 491
249 488
