69 262
75 317
87 370
98 423
118 472
150 514
190 549
236 577
282 585
326 576
368 547
403 510
429 467
443 419
453 369
465 318
470 264
109 243
141 228
177 227
212 234
246 250
322 250
353 235
387 228
421 229
451 245
282 290
283 326
283 364
284 400
251 418
266 424
283 431
299 424
314 418
151 287
174 274
203 275
226 295
200 300
172 300
333 295
354 275
383 273
406 285
386 298
358 299
206 470
236 463
263 457
283 463
300 458
325 463
354 471
327 498
301 508
282 510
261 508
234 496
219 474
262 478
283 480
300 479
341 475
300 478
282 480
262 477