93 362
98 423
109 482
118 540
134 596
165 643
209 682
261 714
318 724
374 714
424 682
467 645
497 599
511 543
518 484
527 426
533 366
129 319
152 287
193 275
235 280
273 297
365 300
402 283
442 279
482 292
503 324
320 344
322 385
324 426
325 468
281 494
301 501
323 508
343 502
362 496
181 351
205 334
234 335
259 356
233 359
204 359
375 358
400 338
428 336
451 353
430 361
402 360
238 580
270 568
301 559
321 566
340 560
368 569
400 581
369 605
341 613
321 615
299 614
269 605
252 582
300 578
321 580
340 578
387 583
340 585
320 587
300 585
