150 321
156 375
168 427
178 480
198 528
230 570
271 605
317 633
361 641
404 634
447 605
482 567
508 525
523 476
533 426
545 375
550 320
188 301
220 286
257 285
292 291
326 306
403 307
434 292
468 284
502 285
531 301
362 347
363 384
364 421
364 458
331 475
347 482
363 488
379 482
394 475
230 344
255 331
284 332
307 352
281 358
252 357
412 352
435 331
464 328
486 341
466 354
439 356
286 526
317 519
344 514
363 519
381 515
407 520
434 528
407 555
383 564
363 566
342 565
315 554
300 530
343 534
364 536
382 535
421 532
381 535
363 536
342 534
