463 970
465 1115
479 1255
502 1395
540 1526
606 1644
695 1743
795 1818
906 1838
1023 1818
1132 1747
1226 1657
1304 1547
1351 1416
1382 1279
1408 1144
1425 1001
524 906
583 826
685 805
786 816
875 859
1004 862
1102 822
1208 817
1311 848
1372 933
935 942
932 1056
930 1169
928 1281
831 1328
878 1348
931 1365
986 1348
1035 1328
625 959
681 915
753 916
816 965
752 981
678 986
1068 967
1134 917
1205 920
1258 965
1206 989
1134 983
734 1464
810 1451
879 1440
934 1456
992 1442
1057 1454
1125 1462
1055 1521
991 1554
929 1561
869 1553
804 1522
767 1469
876 1483
933 1492
993 1484
1094 1469
990 1483
930 1491
874 1483
